4							
18121000 	小明 	0 	 694	 114	 150	 140	 290
3							
10001 	3						
070101 	070201 	080601					
10003 	3						
070101 	070201 	080901					
10004 	4						
080202 	080203 	080201 	080204
18121001 	小红 	0 	 690	 110	 145	 140	 295
3							
10001 	3						
070101 	070201 	080901					
10003 	3						
070101 	070201 	080901					
10004 	4						
080202 	080203 	080201 	080204		
18121002 	红孩儿 	0 	670 	130 	140 	140 	260
3							
10001 	3						
070101 	070201 	080901					
10003 	3						
070101 	070201 	080901					
10004 	4						
080202 	080203 	080201 	080204						
18121002 	李靖 	1 	686 	130 	140 	140 	260
3							
10001 	3						
070101 	070201 	080901					
10003 	3						
070101 	070201 	080901					
10004 	4						
080202 	080203 	080201 	080204	
