20
18121000        ÷Ï∏∂¡˜  0       670     119     123     159     269
3
10010   4
080205  080901  020401  080206
10003   5
010101  020401  080204  082401  070201
10010   5
082401  010101  010101  082401  080205

18121001        ∏ﬂœË—§  0       642     115     142     128     257
3
10008   4
010101  020401  080901  010101
10008   3
080206  010101  082001
10001   3
100201K 080601  082001

18121002        ¡∫≤÷Ã⁄  1       674     137     137     146     254
2
10003   3
080901  130201  080204
10005   5
130201  082001  050101  080207  082001

18121003        Õı≥…Œƒ  1       636     125     118     154     239
4
10004   3
020301K 082401  020101
10002   4
082401  070101  020301K 020301K
10004   4
130508  080204  130201  070101
10003   3
070101  050101  070101

18121004        ≤÷—««Â  1       683     117     117     157     292
1
10010   5
050101  100201K 080901  050201  010101

18121005        ’≈¿ˆ    0       665     132     129     126     278
4
10004   4
020301K 130508  080205  080207
10004   5
100201K 080206  080206  070101  070201
10007   4
080206  020401  070101  070201
10007   5
080207  050101  020301K 010101  080204

18121006        ¡ıƒΩø•  0       646     127     116     121     282
5
10004   4
082401  020401  100201K 050201
10010   3
130508  082401  020401
10007   4
020401  020101  080206  080206
10006   5
020101  100201K 080206  020401  010101
10003   5
020401  070101  100201K 020301K 100201K

18121007        ·Ø±¥≥Œ  0       647     137     133     152     225
4
10005   4
080205  080207  080205  070101
10008   5
050201  070101  130201  080601  080205
10003   3
080206  080901  130508
10007   3
080206  050101  130508

18121008        ¥ﬁº—º—  0       643     132     135     155     221
5
10010   3
070101  080206  050101
10003   4
010101  080204  080204  100201K
10007   4
010101  080205  020101  080205
10006   5
080206  070201  070101  100201K 020301K
10001   5
080206  080901  080601  130201  050201

18121009         Ø¿⁄    0       685     118     142     159     266
2
10008   4
070201  070101  080206  080207
10005   3
100201K 100201K 080901

18121010        Œ§Ïø–‹  0       650     113     144     129     264
5
10003   4
080204  020401  020401  130201
10008   4
020401  080207  080206  080901
10007   4
080901  082401  080205  050201
10008   5
080205  050201  080204  130201  130201
10001   4
100201K 050201  080206  080901

18121011        –œÊ•±Ã  1       643     117     132     130     264
4
10010   5
100201K 082001  020101  020401  070201
10005   5
010101  082401  020401  080206  080601
10008   3
080207  130508  020401
10007   4
130201  010101  020401  010101

18121012        Õı√Ò    1       668     126     111     149     282
3
10005   5
080205  130201  080601  080206  130508
10005   4
020101  130508  070101  082001
10004   5
050101  080206  020401  080206  070201

18121013        ƒ˛π≈±°  1       673     128     141     123     281
4
10007   3
080205  130201  080204
10005   3
080204  080901  020301K
10001   3
130508  080601  020301K
10001   4
100201K 050201  050101  010101

18121014        µÀ»Ú”±  0       678     128     125     143     282
4
10007   3
070201  130201  080901
10004   4
070201  082401  080207  080204
10010   5
070101  020101  100201K 080901  082401
10007   3
070101  082401  080207

18121015        Œƒ–°∏’  0       656     134     134     134     254
1
10004   4
080901  080204  070101  080204

18121016        ÕıΩ®∏÷  0       692     123     111     159     299
4
10001   3
130508  082401  020101
10004   5
070201  050201  130201  020401  130201
10002   3
070201  070201  082001
10007   4
130201  100201K 020401  100201K

18121017        ÷‹œ‹µ¿  1       638     138     131     146     223
1
10010   5
020401  070101  080205  100201K 100201K

18121018        ∞ÿ∫Ï—ﬁ  0       681     139     118     128     296
1
10005   5
050201  130201  050201  020101  080601

18121019        ∫Ó“Í”Ò  1       667     121     147     156     243
2
10004   5
100201K 130201  010101  080207  050101
10003   3
080205  020301K 080204
